16,26,56,62,66,76,109
16,26,46,56,66,113
16,26,50,56,62,113
16,26,56,62,66,76,113
16,26,46,56,66,115
16,26,50,56,62,115
16,26,56,62,66,86,125
16,26,46,56,66,117
16,26,50,56,62,117
16,26,56,62,66,76,117
16,26,56,62,66,86,127
16,26,50,56,62,119
16,26,56,62,66,86,129
16,26,50,56,62,121
16,26,56,62,66,86,131
16,26,46,56,66,123
16,26,56,62,66,76,123
16,26,56,62,66,86,133
16,26,46,56,66,125
16,26,50,56,62,125
16,26,56,62,66,76,125
16,26,46,56,66,127
16,26,50,56,62,127
16,26,56,62,66,86,137
16,26,46,56,66,129
16,26,46,56,66,131
16,26,50,56,62,131
16,26,56,62,66,76,131
16,26,56,62,66,86,141
16,26,46,56,66,133
16,26,50,56,62,133
16,26,56,62,66,76,133
16,26,56,62,66,86,143
16,26,50,56,62,135
16,26,56,62,66,86,145
16,26,46,56,66,137
16,26,50,56,62,137
16,26,56,62,66,76,137
16,26,56,62,66,86,147
16,26,46,56,66,139
16,26,50,56,62,139
16,26,56,62,66,76,139
16,26,56,62,66,86,149
16,26,50,56,62,141
16,26,56,62,66,76,141
16,26,46,56,66,143
16,26,50,56,62,143
16,26,56,62,66,76,143
16,26,56,62,66,86,153
16,26,46,56,66,145
16,26,50,56,62,145
16,26,56,62,66,76,145
16,26,56,62,66,86,155
16,26,46,56,66,147
16,26,50,56,62,147
16,26,56,62,66,76,147
16,26,56,62,66,86,157
16,26,46,56,66,149
16,26,50,56,62,149
16,26,56,62,66,86,159
16,26,46,56,66,151
16,26,50,56,62,151
16,26,56,62,66,76,151
16,26,56,62,66,86,161
