16,26,40,46,49,50
16,26,46,49,50,56,86
16,26,46,50,54,56,59
16,26,34,46,51,56
16,26,46,50,51,56,86
16,26,46,50,54,56,61
16,26,34,46,53,56
16,26,36,46,50,53,56
16,26,38,46,50,56,63
16,26,46,50,53,56,86
16,26,36,46,50,55,56
16,26,40,46,50,55
16,26,46,50,55,56,86
16,26,34,46,56,57
16,26,36,46,50,56,57
16,26,38,46,50,56,67
16,26,40,46,50,57
16,26,46,50,54,56,67
16,26,34,46,56,59
16,26,36,46,50,56,59
16,26,38,46,50,56,69
16,26,40,46,50,59
16,26,46,50,54,56,69
16,26,34,46,56,61
16,26,36,46,50,56,61
16,26,38,46,50,56,71
16,26,40,46,50,61
16,26,46,50,56,61,86
16,26,36,46,50,56,63
16,26,38,46,50,56,73
16,26,46,50,54,56,73
16,26,34,46,56,65
16,26,38,46,50,56,75
16,26,40,46,50,65
16,26,46,50,54,56,75
16,26,46,50,56,65,86
16,26,36,46,50,56,67
16,26,38,46,50,56,77
16,26,40,46,50,67
16,26,46,50,54,56,77
16,26,46,50,56,67,86
16,26,34,46,56,69
16,26,36,46,50,56,69
16,26,38,46,50,56,79
16,26,40,46,50,69
16,26,46,50,54,56,79
16,26,46,50,56,69,86
16,26,34,46,56,71
16,26,36,46,50,56,71
16,26,38,46,50,56,81
16,26,40,46,50,71
16,26,30,50,73
16,26,34,46,56,73
16,26,36,46,50,56,73
16,26,40,46,50,73
16,26,46,50,54,56,83
16,26,46,50,56,73,86
16,26,30,50,75
16,26,34,46,56,75
16,26,36,46,50,56,75
16,26,38,46,50,56,85
16,26,40,46,50,75
16,26,46,50,54,56,85
16,26,46,50,56,75,86
16,26,30,50,77
16,26,34,46,56,77
16,26,36,46,50,56,77
16,26,38,46,50,56,87
16,26,46,50,54,56,87
16,26,46,50,56,77,86
16,26,30,50,79
16,26,36,46,50,56,79
16,26,38,46,50,56,89
16,26,46,50,56,79,86
16,26,30,50,81
16,26,36,46,50,56,81
16,26,38,46,50,56,91
16,26,30,50,83
16,26,36,46,50,56,83
16,26,38,46,50,56,93
16,26,40,46,50,83
16,26,46,50,56,83,86
16,26,30,50,85
16,26,36,46,50,56,85
16,26,38,46,50,56,95
16,26,40,46,50,85
16,26,46,50,54,56,95
16,26,46,50,56,85,86
16,26,30,50,87
16,26,34,46,56,87
16,26,36,46,50,56,87
16,26,38,46,50,56,97
16,26,40,46,50,87
16,26,46,50,54,56,97
16,26,46,50,56,86,87
16,26,30,50,89
16,26,34,46,56,89
16,26,36,46,50,56,89
16,26,38,46,50,56,99
16,26,40,46,50,89
16,26,46,50,54,56,99
16,26,46,50,56,86,89
16,26,30,50,91
16,26,36,46,50,56,91
16,26,38,46,50,56,101
16,26,46,50,54,56,101
16,26,30,50,93
16,26,36,46,50,56,93
16,26,38,46,50,56,103
16,26,46,50,54,56,103
16,26,30,50,95
16,26,34,46,56,95
16,26,36,46,50,56,95
16,26,38,46,50,56,105
16,26,46,50,54,56,105
16,26,46,50,56,86,95
16,26,30,50,97
16,26,34,46,56,97
16,26,36,46,50,56,97
16,26,38,46,50,56,107
16,26,40,46,50,97
16,26,46,50,54,56,107
16,26,46,50,56,86,97
16,26,30,50,99
16,26,36,46,50,56,99
16,26,38,46,50,56,109
16,26,40,46,50,99
16,26,46,50,54,56,109
16,26,46,50,56,86,99
16,26,30,50,101
16,26,36,46,50,56,101
16,26,38,46,50,56,111
16,26,46,50,54,56,111
16,26,46,50,56,86,101
16,26,30,50,103
16,26,36,46,50,56,103
16,26,38,46,50,56,113
16,26,40,46,50,103
16,26,46,50,54,56,113
16,26,46,50,56,86,103
16,26,30,50,105
16,26,34,46,56,105
16,26,36,46,50,56,105
16,26,38,46,50,56,115
16,26,40,46,50,105
16,26,46,50,54,56,115
16,26,46,50,56,86,105
16,26,30,50,107
16,26,34,46,56,107
16,26,36,46,50,56,107
16,26,38,46,50,56,117
16,26,40,46,50,107
16,26,46,50,54,56,117
16,26,46,50,56,86,107
16,26,30,50,109
16,26,34,46,56,109
16,26,36,46,50,56,109
16,26,38,46,50,56,119
16,26,40,46,50,109
16,26,46,50,54,56,119
