16,17,26,28,36,46
13,16,28,36,46,66
16,25,26,28,36,46
16,17,26,36,44,46,56
16,21,26,28,36,46,66
13,16,36,46,54,56,66,76
13,16,36,46,56,66,70,76
16,23,26,28,36,66
16,21,26,36,44,46,56,66
16,25,26,36,44,46,56
16,26,28,29,36,46,66
16,21,26,36,46,56,66,70,76
16,26,28,31,36,46,66
13,16,36,46,56,60,66
13,16,36,46,56,66,76,86
16,23,26,36,54,56,66,76
16,23,26,36,56,66,70,76
16,26,28,33,36,46
16,25,26,36,46,54,56
16,26,28,35,36,46,66
16,26,28,36,37,46,66
16,26,33,36,44,46,56
16,26,28,36,39,46,66
16,21,26,36,46,56,60,66
16,21,26,36,46,56,66,76,86
16,26,31,36,46,54,56,66,76
16,26,31,36,46,56,66,70,76
16,26,36,37,44,46,56,66
16,23,26,36,56,60,66
16,26,33,36,46,54,56,76
16,26,33,36,46,56,70,76
16,26,36,39,44,46,56,66
16,26,35,36,46,54,56,66,76
16,26,28,36,46,47,66
16,26,36,39,46,54,56,66,76
16,26,36,39,46,56,66,70,76
16,26,28,36,46,51,66
16,26,31,36,46,56,60,66
16,26,31,36,46,56,66,76,86
16,26,28,36,46,53,66
16,26,33,36,46,56,60
16,26,33,36,46,56,76,86
16,26,28,36,46,55,66
16,26,28,36,46,57,66
16,26,36,44,46,53,56,66
16,26,36,46,47,54,56,66,76
16,26,36,46,47,56,66,70,76
16,26,28,36,46,59,66
16,26,36,39,46,56,60,66
16,26,36,39,46,56,66,76,86
16,26,28,36,46,61,66
16,26,36,44,46,56,57,66
16,26,28,36,46,63,66
16,26,36,44,46,56,59,66
16,26,36,46,53,54,56,66,76
16,26,36,46,53,56,66,70,76
16,26,28,36,46,65,66
16,26,36,44,46,56,61,66
16,26,28,36,46,66,67
16,26,36,44,46,56,63,66
16,26,36,46,47,56,60,66
16,26,36,46,47,56,66,76,86
16,26,36,46,54,56,57,66,76
16,26,36,46,56,57,66,70,76
16,26,28,36,46,66,69
16,26,36,44,46,56,65,66
16,26,36,46,54,56,59,66,76
16,26,36,46,56,59,66,70,76
16,26,28,36,46,66,71
16,26,36,44,46,56,66,67
16,26,36,46,54,56,61,66,76
16,26,36,46,56,61,66,70,76
16,26,28,36,46,66,73
16,26,36,44,46,56,66,69
16,26,36,46,53,56,60,66
16,26,36,46,53,56,66,76,86
16,26,36,46,54,56,63,66,76
16,26,36,46,56,63,66,70,76
16,26,28,36,46,66,75
16,26,36,44,46,56,66,71
16,26,36,46,54,56,65,66,76
16,26,36,46,56,65,66,70,76
16,26,28,36,46,66,77
16,26,36,44,46,56,66,73
16,26,36,46,54,56,66,67,76
16,26,36,46,56,57,60,66
16,26,36,46,56,57,66,76,86
16,26,36,46,56,66,67,70,76
16,26,28,36,46,66,79
16,26,36,44,46,56,66,75
16,26,36,46,54,56,66,69,76
16,26,36,46,56,59,60,66
16,26,36,46,56,59,66,76,86
16,26,36,46,56,66,69,70,76
16,26,28,36,46,66,81
16,26,36,44,46,56,66,77
16,26,36,46,54,56,66,71,76
16,26,36,46,56,60,61,66
16,26,36,46,56,61,66,76,86
16,26,36,46,56,66,70,71,76
16,26,36,44,46,56,66,79
16,26,36,46,54,56,66,73,76
16,26,36,46,56,60,63,66
16,26,36,46,56,63,66,76,86
16,26,36,46,56,66,70,73,76
16,26,28,36,46,66,85
16,26,36,44,46,56,66,81
16,26,36,46,54,56,66,75,76
16,26,36,46,56,60,65,66
16,26,36,46,56,65,66,76,86
16,26,28,36,46,66,87
16,26,36,44,46,56,66,83
16,26,36,46,54,56,66,76,77
16,26,36,46,56,60,66,67
16,26,36,46,56,66,67,76,86
16,26,28,36,46,66,89
16,26,36,44,46,56,66,85
16,26,36,46,54,56,66,76,79
16,26,36,46,56,60,66,69
16,26,36,46,56,66,69,76,86
16,26,36,46,56,66,70,76,79
16,26,28,36,46,66,91
16,26,36,46,54,56,66,76,81
16,26,36,46,56,60,66,71
16,26,36,46,56,66,70,76,81
16,26,36,46,56,66,71,76,86
16,26,28,36,46,66,93
16,26,36,44,46,56,66,89
16,26,36,46,54,56,66,76,83
16,26,36,46,56,60,66,73
16,26,36,46,56,66,70,76,83
16,26,36,46,56,66,73,76,86
16,26,28,36,46,66,95
16,26,36,44,46,56,66,91
16,26,36,46,54,56,66,76,85
16,26,36,46,56,66,70,76,85
16,26,28,36,46,66,97
16,26,36,44,46,56,66,93
16,26,36,46,54,56,66,76,87
16,26,36,46,56,60,66,77
16,26,36,46,56,66,70,76,87
16,26,36,46,56,66,76,77,86
16,26,36,44,46,56,66,95
16,26,36,46,54,56,66,76,89
16,26,36,46,56,60,66,79
16,26,36,46,56,66,70,76,89
16,26,36,46,56,66,76,79,86
16,26,36,44,46,56,66,97
16,26,36,46,54,56,66,76,91
16,26,36,46,56,60,66,81
16,26,36,46,56,66,70,76,91
16,26,36,46,56,66,76,81,86
16,26,36,44,46,56,66,99
16,26,36,46,54,56,66,76,93
16,26,36,46,56,60,66,83
16,26,36,46,56,66,70,76,93
16,26,36,46,56,66,76,83,86
16,26,36,44,46,56,66,101
16,26,36,46,54,56,66,76,95
16,26,36,46,56,60,66,85
