2,3
6,7,16
3,16,26
5,16,18
9,10,16
12,13,16,30,34
11,16,18,26,46
5,16,34
11,16,20,26,50
7,16,26,34
7,16,26,50
9,16,26,30
11,16,26,30,34
11,16,26,46,50,56
12,16,19,26,46
9,16,26,56
7,16,26
10,16,21,34
15,16,24,26
5,16
11,16,26,40
11,16,26,56,62
12,16,26,27,46
16,21,22,26,46,50,56
16,19,26,30,34
16,19,26,30,34,40
15,16,22,26
16,19,26,34,56,62
16,21,26,30,34,38
16,17,26,44,46,56
16,25,26,28,62
16,26,27,30,34
16,21,26,44,56,62,66
16,26,30,31,34,54
16,26,28,41,46,50
15,16,26,50
15,16,26,66
16,17,26,46,56
16,17,26,56,62
16,22,26,30,34,49
16,26,30,34,35
16,26,33,46,50,56,70
16,24,26,35,62
16,26,35,46,50,56
16,26,30,34,43,44
16,26,29,46,50,56,60
16,26,30,34,36,47
16,26,27,56,62,66
16,26,33,56,60,62
8,26,46,63
16,23,26,56,66
16,26,28,30,34,71
16,26,30,34,57,70
16,26,38,51,56,62,66
16,26,43,46,50,56
16,26,43,56,62,66
16,26,51,56,62,66
16,26,36,53,56,66
16,26,40,46,50,69
16,26,46,50,56,75,86
16,26,56,62,66,67,102
16,26,36,46,50,56,85
16,26,38,46,50,56,97
16,26,56,62,66,70,89
16,26,54,56,62,66,91
16,26,46,50,54,56,115
16,26,30,66,119
16,26,56,62,66,86,143
16,26,56,62,66,76,247
