16,17,26,54,56,62
16,17,26,44,56,62
16,17,26,56,62,70
16,21,26,44,56,62,66
16,26,27,56,60,62,66
13,16,56,60,62,66
16,26,29,44,56,62,66
16,17,26,46,56
16,26,27,50,56,62
16,26,27,56,62,66,76
16,26,33,44,56,62
13,16,54,56,62,66
13,16,56,62,66,70
13,16,56,62,66,86
16,26,35,56,60,62,66
16,21,26,56,60,62,66
16,26,41,44,56,62,66
16,21,26,56,62,66,70
16,21,26,56,62,66,86
16,26,43,44,56,62,66
13,16,46,56,66
13,16,50,56,62
13,16,56,62,66,76
13,16,56,62,66,102
16,26,29,56,60,62,66
16,26,31,56,60,66
16,26,44,47,56,62,66
16,26,33,56,60,62
16,26,44,49,56,62,66
16,26,29,56,62,66,70
16,26,29,56,62,66,86
16,26,44,51,56,62,66
16,21,26,46,56,66
16,21,26,50,56,62
16,21,26,56,62,66,76
16,21,26,56,62,66,102
16,26,31,54,56,66
16,26,31,56,66,70
16,26,31,56,66,86
16,26,37,56,60,62,66
16,26,44,53,56,62,66
16,26,33,54,56,62
16,26,33,56,62,86
16,26,39,56,60,62,66
16,26,44,55,56,62,66
16,26,35,46,56,66
16,26,35,54,56,62,66
16,26,41,56,60,62,66
16,26,44,56,57,62,66
16,26,37,54,56,62,66
16,26,37,56,62,66,70
16,26,37,56,62,66,86
16,26,43,50,56,62
16,26,43,56,60,62,66
16,26,43,56,62,66,76
16,26,44,56,59,62,66
16,26,29,46,56,66
16,26,29,50,56,62
16,26,29,56,62,66,76
16,26,29,56,62,66,102
16,26,39,56,62,66,70
16,26,44,56,61,62,66
16,26,31,46,56,66
16,26,31,50,56
16,26,31,56,66,76
16,26,31,56,66,102
16,26,41,54,56,62,66
16,26,41,56,62,66,70
16,26,41,56,62,66,86
16,26,44,56,62,63,66
16,26,47,56,60,62,66
16,26,33,46,56
16,26,33,56,62,76
16,26,33,56,62,102
16,26,43,46,56,66
16,26,43,54,56,62,66
16,26,43,56,62,66,70
16,26,44,56,62,65,66
16,26,51,56,60,62,66
16,26,37,46,56,66
16,26,37,50,56,62
16,26,37,56,62,66,76
16,26,37,56,62,66,102
16,26,44,56,62,66,69
16,26,47,54,56,62,66
16,26,47,56,62,66,70
16,26,47,56,62,66,86
16,26,39,46,56,66
16,26,39,56,62,66,76
16,26,44,56,62,66,71
16,26,49,54,56,62,66
16,26,41,46,56,66
16,26,41,50,56,62
16,26,41,56,62,66,76
16,26,41,56,62,66,102
16,26,44,56,62,66,73
16,26,44,56,62,66,75
16,26,53,54,56,62,66
16,26,44,56,62,66,77
16,26,45,46,56,66
16,26,54,55,56,62,66
16,26,56,60,61,62,66
16,26,44,56,62,66,79
16,26,46,47,56,66
16,26,47,50,56,62
16,26,47,56,62,66,76
16,26,47,56,62,66,102
16,26,54,56,57,62,66
16,26,56,57,62,66,70
16,26,56,57,62,66,86
16,26,56,60,62,63,66
16,26,44,56,62,66,81
16,26,46,49,56,66
16,26,54,56,59,62,66
16,26,56,59,62,66,70
16,26,56,59,62,66,86
16,26,56,60,62,65,66
16,26,44,56,62,66,83
16,26,46,51,56,66
16,26,50,51,56,62
