16,26,54,56,61,62,66
16,26,56,61,62,66,70
16,26,56,61,62,66,86
16,26,46,53,56,66
16,26,54,56,62,63,66
16,26,56,62,63,66,70
16,26,46,55,56,66
16,26,46,56,57,66
16,26,54,56,62,66,67
16,26,56,57,62,66,76
16,26,56,57,62,66,102
16,26,56,62,66,67,70
16,26,56,62,66,67,86
16,26,46,56,59,66
16,26,54,56,62,66,69
16,26,56,62,66,69,70
16,26,56,62,66,69,86
16,26,46,56,61,66
16,26,54,56,62,66,71
16,26,56,61,62,66,76
16,26,56,61,62,66,102
16,26,56,62,66,71,86
16,26,54,56,62,66,73
16,26,56,62,66,70,73
16,26,56,62,66,73,86
16,26,46,56,65,66
16,26,50,56,62,65
16,26,54,56,62,66,75
16,26,56,62,65,66,76
16,26,56,62,66,70,75
16,26,56,62,66,75,86
16,26,50,56,62,67
16,26,54,56,62,66,77
16,26,56,62,66,67,76
16,26,56,62,66,67,102
16,26,56,62,66,77,86
16,26,46,56,66,69
16,26,50,56,62,69
16,26,54,56,62,66,79
16,26,56,62,66,69,76
16,26,56,62,66,69,102
16,26,56,62,66,70,79
16,26,56,62,66,79,86
16,26,46,56,66,71
16,26,50,56,62,71
16,26,56,62,66,70,81
16,26,56,62,66,71,76
16,26,56,62,66,71,102
16,26,56,62,66,81,86
16,26,46,56,66,73
16,26,54,56,62,66,83
16,26,56,62,66,70,83
16,26,56,62,66,73,76
16,26,56,62,66,73,102
16,26,56,62,66,83,86
16,26,46,56,66,75
16,26,50,56,62,75
16,26,54,56,62,66,85
16,26,56,62,66,70,85
16,26,56,62,66,75,76
16,26,56,62,66,75,102
16,26,56,62,66,85,86
16,26,46,56,66,77
16,26,50,56,62,77
16,26,54,56,62,66,87
16,26,56,62,66,70,87
16,26,56,62,66,76,77
16,26,56,62,66,77,102
16,26,46,56,66,79
16,26,50,56,62,79
16,26,54,56,62,66,89
16,26,56,62,66,70,89
16,26,56,62,66,76,79
16,26,56,62,66,79,102
16,26,56,62,66,86,89
16,26,50,56,62,81
16,26,54,56,62,66,91
16,26,56,62,66,70,91
16,26,56,62,66,76,81
16,26,56,62,66,81,102
16,26,56,62,66,86,91
16,26,46,56,66,83
16,26,56,62,66,70,93
16,26,56,62,66,76,83
16,26,56,62,66,83,102
16,26,56,62,66,86,93
16,26,46,56,66,85
16,26,50,56,62,85
16,26,54,56,62,66,95
16,26,56,62,66,70,95
16,26,56,62,66,76,85
16,26,56,62,66,85,102
16,26,56,62,66,86,95
16,26,46,56,66,87
16,26,50,56,62,87
16,26,54,56,62,66,97
16,26,56,62,66,70,97
16,26,56,62,66,76,87
16,26,56,62,66,87,102
16,26,46,56,66,89
16,26,50,56,62,89
16,26,54,56,62,66,99
16,26,56,62,66,70,99
16,26,56,62,66,76,89
16,26,56,62,66,86,99
16,26,50,56,62,91
16,26,54,56,62,66,101
16,26,56,62,66,70,101
16,26,56,62,66,76,91
16,26,56,62,66,86,101
16,26,56,62,66,91,102
16,26,50,56,62,93
16,26,56,62,66,70,103
16,26,56,62,66,76,93
16,26,56,62,66,86,103
16,26,56,62,66,93,102
16,26,46,56,66,95
16,26,50,56,62,95
16,26,54,56,62,66,105
16,26,56,62,66,70,105
16,26,56,62,66,76,95
16,26,56,62,66,86,105
16,26,56,62,66,95,102
16,26,50,56,62,97
16,26,54,56,62,66,107
16,26,56,62,66,70,107
16,26,46,56,66,99
16,26,50,56,62,99
16,26,54,56,62,66,109
16,26,56,62,66,70,109
16,26,56,62,66,76,99
16,26,56,62,66,86,109
16,26,56,62,66,99,102
16,26,46,56,66,101
16,26,50,56,62,101
16,26,54,56,62,66,111
16,26,56,62,66,70,111
16,26,56,62,66,76,101
16,26,56,62,66,86,111
16,26,56,62,66,101,102
16,26,46,56,66,103
16,26,50,56,62,103
16,26,54,56,62,66,113
16,26,56,62,66,70,113
16,26,56,62,66,76,103
16,26,56,62,66,86,113
16,26,56,62,66,102,103
16,26,46,56,66,105
16,26,50,56,62,105
16,26,54,56,62,66,115
16,26,56,62,66,70,115
16,26,56,62,66,76,105
16,26,56,62,66,86,115
16,26,56,62,66,102,105
16,26,46,56,66,107
16,26,50,56,62,107
16,26,56,62,66,70,117
16,26,56,62,66,76,107
16,26,56,62,66,86,117
16,26,56,62,66,102,107
