13,16,22,46,50,56
13,16,28,46,50
16,19,22,26,46,50,56
16,21,22,26,46,50,56
16,21,26,28,46,50
13,16,44,46,50,56
16,22,26,27,46,50,56
16,22,26,29,46,50,56
16,26,28,29,46,50
16,17,26,44,46,56
16,22,26,31,46,50,56
16,26,28,31,46,50
13,16,46,50,54,56
13,16,46,50,56,70
16,22,26,33,46,50,56
16,26,28,33,46,50
16,21,26,44,46,50,56
16,22,26,35,46,50,56
16,22,26,37,46,50,56
16,22,26,39,46,50,56
16,25,26,44,46,56
16,26,28,39,46,50
16,26,28,41,46,50
13,16,36,46,50,56
13,16,40,46,50
13,16,46,50,56,60
13,16,46,50,56,86
16,23,26,50,56,70
16,26,29,44,46,50,56
16,22,26,45,46,50,56
16,25,26,46,54,56
16,26,28,45,46,50
16,26,31,44,46,50,56
16,22,26,46,47,50,56
16,26,28,46,47,50
16,26,33,44,46,50,56
16,22,26,46,49,50,56
16,26,28,46,49,50
16,26,29,38,46,50,56
16,26,29,46,50,54,56
16,26,29,46,50,56,70
16,26,34,35,46,56
16,26,35,44,46,50,56
16,26,35,46,50,56,60
16,21,26,36,46,50,56
16,21,26,40,46,50
16,22,26,46,50,51,56
16,26,28,46,50,51
16,26,31,38,46,50,56
16,26,31,46,50,54,56
16,26,31,46,50,56,70
16,22,26,46,50,53,56
16,23,26,34,56
16,23,26,36,50,56
16,23,26,40,50
16,23,26,50,56,86
16,26,28,46,50,53
16,26,33,38,46,50,56
16,26,33,46,50,54,56
16,26,33,46,50,56,70
16,22,26,46,50,55,56
16,25,26,34,46,56
16,25,26,36,46,56
16,25,26,40,46
16,25,26,46,56,60
16,26,28,46,50,55
16,26,35,36,46,50,56
16,26,35,40,46,50
16,26,35,46,50,54,56
16,26,41,44,46,50,56
16,22,26,46,50,56,57
16,26,28,46,50,57
16,26,37,38,46,50,56
16,26,43,44,46,50,56
16,22,26,46,50,56,59
16,26,28,46,50,59
16,26,29,34,46,56
16,26,29,40,46,50
16,26,29,46,50,56,60
16,26,29,46,50,56,86
16,26,39,46,50,54,56
16,26,44,45,46,50,56
16,26,28,46,50,61
16,26,31,34,46,56
16,26,31,36,46,50,56
16,26,31,40,46,50
16,26,31,46,50,56,60
16,26,31,46,50,56,86
16,26,38,41,46,50,56
16,26,41,46,50,54,56
16,26,41,46,50,56,70
16,26,44,46,47,50,56
16,22,26,46,50,56,63
16,26,28,46,50,63
16,26,33,34,46,56
16,26,33,36,46,50,56
16,26,33,40,46,50
16,26,33,46,50,56,60
16,26,33,46,50,56,86
16,26,38,43,46,50,56
16,26,43,46,50,54,56
16,26,43,46,50,56,70
16,26,44,46,49,50,56
16,22,26,46,50,56,65
16,26,38,45,46,50,56
16,26,44,46,50,51,56
16,26,45,46,50,54,56
16,26,28,46,50,67
16,26,36,37,46,50,56
16,26,38,46,47,50,56
16,26,44,46,50,53,56
16,26,46,47,50,54,56
16,26,46,47,50,56,70
16,22,26,46,50,56,69
16,26,28,46,50,69
16,26,34,39,46,56
16,26,38,46,49,50,56
16,26,44,46,50,55,56
16,26,46,49,50,54,56
16,26,46,49,50,56,70
16,22,26,46,50,56,71
16,26,28,46,50,71
16,26,38,46,50,51,56
16,26,40,41,46,50
16,26,41,46,50,56,60
16,26,41,46,50,56,86
16,26,44,46,50,56,57
16,26,46,50,51,54,56
16,26,46,50,51,56,70
16,22,26,46,50,56,73
16,26,28,46,50,73
16,26,34,43,46,56
16,26,38,46,50,53,56
16,26,40,43,46,50
16,26,43,46,50,56,60
16,26,44,46,50,56,59
16,26,46,50,53,54,56
16,26,46,50,53,56,70
16,22,26,46,50,56,75
16,26,28,46,50,75
16,26,34,45,46,56
16,26,38,46,50,55,56
16,26,40,45,46,50
16,26,45,46,50,56,60
16,26,46,50,54,55,56
16,26,46,50,55,56,70
16,22,26,46,50,56,77
16,26,28,46,50,77
16,26,34,46,47,56
16,26,36,46,47,50,56
16,26,38,46,50,56,57
16,26,40,46,47,50
16,26,44,46,50,56,63
16,26,46,47,50,56,60
16,26,46,47,50,56,86
16,26,46,50,54,56,57
16,26,46,50,56,57,70
16,26,28,46,50,79
16,26,34,46,49,56
16,26,38,46,50,56,59
