16,19,26,36,56,66
16,26,27,36,56,66,76
16,26,35,36,56,66,76
13,16,36,56,66,76
16,26,29,56,62,66,76,86
16,26,37,56,62,66,76,86
16,26,31,36,56,66,76
16,26,56,57,62,66,70,76
16,26,33,36,56,76
16,26,56,59,62,66,70,76
16,26,56,61,62,66,70,76
16,26,36,37,56,66,76
16,26,56,62,63,66,70,76
16,26,56,62,65,66,70,76
16,26,56,57,62,66,76,86
16,26,56,62,66,67,70,76
16,26,56,61,62,66,76,86
16,26,56,62,65,66,76,86
16,26,56,62,66,70,75,76
16,26,36,53,56,66,76
16,26,56,62,66,69,76,86
16,26,56,62,66,70,76,79
16,26,36,55,56,66,76
16,26,56,62,66,70,76,81
16,26,36,56,57,66,76
16,26,56,62,66,70,76,83
16,26,36,56,59,66,76
16,26,56,62,66,70,76,85
16,26,56,62,66,75,76,86
16,26,36,56,63,66,76
16,26,56,62,66,70,76,89
16,26,56,62,66,76,79,86
16,26,36,56,65,66,76
16,26,56,62,66,70,76,91
16,26,56,62,66,76,81,86
16,26,36,56,66,67,76
16,26,56,62,66,70,76,93
16,26,56,62,66,76,83,86
16,26,36,56,66,69,76
16,26,56,62,66,70,76,95
16,26,56,62,66,76,85,86
16,26,36,56,66,71,76
16,26,56,62,66,70,76,97
16,26,36,56,66,73,76
16,26,56,62,66,70,76,99
16,26,56,62,66,76,86,89
16,26,36,56,66,75,76
16,26,56,62,66,70,76,101
16,26,56,62,66,76,86,91
16,26,36,56,66,76,77
16,26,56,62,66,70,76,103
16,26,56,62,66,76,86,93
16,26,36,56,66,76,79
16,26,56,62,66,70,76,105
16,26,56,62,66,76,86,95
16,26,36,56,66,76,81
16,26,56,62,66,70,76,107
16,26,36,56,66,76,83
16,26,56,62,66,70,76,109
16,26,56,62,66,76,86,99
16,26,36,56,66,76,85
16,26,56,62,66,76,86,101
16,26,36,56,66,76,87
16,26,56,62,66,70,76,113
16,26,56,62,66,76,86,103
16,26,36,56,66,76,89
16,26,56,62,66,70,76,115
16,26,56,62,66,76,86,105
16,26,36,56,66,76,91
16,26,56,62,66,70,76,117
16,26,56,62,66,76,86,107
16,26,36,56,66,76,93
16,26,56,62,66,70,76,119
16,26,56,62,66,76,86,109
16,26,36,56,66,76,95
16,26,56,62,66,70,76,121
16,26,36,56,66,76,97
16,26,56,62,66,70,76,123
16,26,56,62,66,76,86,113
16,26,56,62,66,70,76,125
16,26,56,62,66,76,86,115
16,26,36,56,66,76,101
16,26,56,62,66,70,76,127
16,26,56,62,66,76,86,117
16,26,36,56,66,76,103
16,26,56,62,66,70,76,129
16,26,36,56,66,76,105
16,26,56,62,66,70,76,131
16,26,36,56,66,76,107
16,26,56,62,66,70,76,133
16,26,56,62,66,76,86,123
16,26,56,62,66,70,76,135
16,26,56,62,66,76,86,125
16,26,36,56,66,76,111
16,26,56,62,66,70,76,137
16,26,56,62,66,76,86,127
16,26,36,56,66,76,113
16,26,56,62,66,70,76,139
16,26,56,62,66,76,86,129
16,26,36,56,66,76,115
16,26,56,62,66,70,76,141
16,26,56,62,66,76,86,131
16,26,36,56,66,76,117
16,26,56,62,66,70,76,143
16,26,56,62,66,76,86,133
16,26,36,56,66,76,119
16,26,56,62,66,70,76,145
16,26,56,62,66,76,86,135
16,26,36,56,66,76,121
16,26,56,62,66,70,76,147
16,26,56,62,66,76,86,137
16,26,36,56,66,76,123
16,26,56,62,66,70,76,149
16,26,56,62,66,76,86,139
16,26,36,56,66,76,125
16,26,56,62,66,70,76,151
16,26,56,62,66,76,86,141
16,26,36,56,66,76,127
16,26,56,62,66,76,86,143
16,26,36,56,66,76,129
16,26,56,62,66,76,86,145
16,26,36,56,66,76,131
16,26,56,62,66,76,86,147
16,26,36,56,66,76,133
16,26,56,62,66,76,86,149
16,26,36,56,66,76,135
16,26,56,62,66,76,86,151
16,26,36,56,66,76,137
16,26,36,56,66,76,139
16,26,36,56,66,76,141
16,26,36,56,66,76,143
16,26,36,56,66,76,145
16,26,36,56,66,76,147
16,26,36,56,66,76,149
16,26,36,56,66,76,151
